number of boards you could solve: all of them
running time statistics:
Min:0.01606607437133789
Max:13.832809925079346
Mean:1.2507778632640838
Standard:7.7429071934023845